0 0 0
1 1 0
2 1 1
3 0 1
4 2 0
5 2 1
6 2 2
7 0 2
8 1 2
9 3 0
10 3 1
11 3 2
12 3 3
13 0 3
14 1 3
15 2 3
16 4 0
17 4 1
18 4 2
19 4 3
20 4 4
21 0 4
22 1 4
23 2 4
24 3 4
25 5 0
26 5 1
27 5 2
28 5 3
29 5 4
30 5 5
31 0 5
32 1 5
33 2 5
34 3 5
35 4 5
36 6 0
37 6 1
38 6 2
39 6 3
40 6 4
41 6 5
42 6 6
43 0 6
44 1 6
45 2 6
46 3 6
47 4 6
48 5 6
49 7 0
50 7 1
51 7 2
52 7 3
53 7 4
54 7 5
55 7 6
56 7 7
57 0 7
58 1 7
59 2 7
60 3 7
61 4 7
62 5 7
63 6 7
64 8 0
65 8 1
66 8 2
67 8 3
68 8 4
69 8 5
70 8 6
71 8 7
72 8 8
73 0 8
74 1 8
75 2 8
76 3 8
77 4 8
78 5 8
79 6 8
80 7 8
81 9 0
82 9 1
83 9 2
84 9 3
85 9 4
86 9 5
87 9 6
88 9 7
89 9 8
90 9 9
91 0 9
92 1 9
93 2 9
94 3 9
95 4 9
96 5 9
97 6 9
98 7 9
99 8 9
100 10 0
101 10 1
102 10 2
103 10 3
104 10 4
105 10 5
106 10 6
107 10 7
108 10 8
109 10 9
110 10 10
111 0 10
112 1 10
113 2 10
114 3 10
115 4 10
116 5 10
117 6 10
118 7 10
119 8 10
120 9 10
121 11 0
122 11 1
123 11 2
124 11 3
125 11 4
126 11 5
127 11 6
128 11 7
129 11 8
130 11 9
131 11 10
132 11 11
133 0 11
134 1 11
135 2 11
136 3 11
137 4 11
138 5 11
139 6 11
140 7 11
141 8 11
142 9 11
143 10 11
144 12 0
145 12 1
146 12 2
147 12 3
148 12 4
149 12 5
150 12 6
151 12 7
152 12 8
153 12 9
154 12 10
155 12 11
156 12 12
157 0 12
158 1 12
159 2 12
160 3 12
161 4 12
162 5 12
163 6 12
164 7 12
165 8 12
166 9 12
167 10 12
168 11 12
169 13 0
170 13 1
171 13 2
172 13 3
173 13 4
174 13 5
175 13 6
176 13 7
177 13 8
178 13 9
179 13 10
180 13 11
181 13 12
182 13 13
183 0 13
184 1 13
185 2 13
186 3 13
187 4 13
188 5 13
189 6 13
190 7 13
191 8 13
192 9 13
193 10 13
194 11 13
195 12 13
196 14 0
197 14 1
198 14 2
199 14 3
200 14 4
201 14 5
202 14 6
203 14 7
204 14 8
205 14 9
206 14 10
207 14 11
208 14 12
209 14 13
210 14 14
211 0 14
212 1 14
213 2 14
214 3 14
215 4 14
216 5 14
217 6 14
218 7 14
219 8 14
220 9 14
221 10 14
222 11 14
223 12 14
224 13 14
225 15 0
226 15 1
227 15 2
228 15 3
229 15 4
230 15 5
231 15 6
232 15 7
233 15 8
234 15 9
235 15 10
236 15 11
237 15 12
238 15 13
239 15 14
240 15 15
241 0 15
242 1 15
243 2 15
244 3 15
245 4 15
246 5 15
247 6 15
248 7 15
249 8 15
250 9 15
251 10 15
252 11 15
253 12 15
254 13 15
255 14 15
256 16 0
257 16 1
258 16 2
259 16 3
260 16 4
261 16 5
262 16 6
263 16 7
264 16 8
265 16 9
266 16 10
267 16 11
268 16 12
269 16 13
270 16 14
271 16 15
272 16 16
273 0 16
274 1 16
275 2 16
276 3 16
277 4 16
278 5 16
279 6 16
280 7 16
281 8 16
282 9 16
283 10 16
284 11 16
285 12 16
286 13 16
287 14 16
288 15 16
289 17 0
290 17 1
291 17 2
292 17 3
293 17 4
294 17 5
295 17 6
296 17 7
297 17 8
298 17 9
299 17 10
300 17 11
301 17 12
302 17 13
303 17 14
304 17 15
305 17 16
306 17 17
307 0 17
308 1 17
309 2 17
310 3 17
311 4 17
312 5 17
313 6 17
314 7 17
315 8 17
316 9 17
317 10 17
318 11 17
319 12 17
320 13 17
321 14 17
322 15 17
323 16 17
324 18 0
325 18 1
326 18 2
327 18 3
328 18 4
329 18 5
330 18 6
331 18 7
332 18 8
333 18 9
334 18 10
335 18 11
336 18 12
337 18 13
338 18 14
339 18 15
340 18 16
341 18 17
342 18 18
343 0 18
344 1 18
345 2 18
346 3 18
347 4 18
348 5 18
349 6 18
350 7 18
351 8 18
352 9 18
353 10 18
354 11 18
355 12 18
356 13 18
357 14 18
358 15 18
359 16 18
360 17 18
361 19 0
362 19 1
363 19 2
364 19 3
365 19 4
366 19 5
367 19 6
368 19 7
369 19 8
370 19 9
371 19 10
372 19 11
373 19 12
374 19 13
375 19 14
376 19 15
377 19 16
378 19 17
379 19 18
380 19 19
381 0 19
382 1 19
383 2 19
384 3 19
385 4 19
386 5 19
387 6 19
388 7 19
389 8 19
390 9 19
391 10 19
392 11 19
393 12 19
394 13 19
395 14 19
396 15 19
397 16 19
398 17 19
399 18 19
400 20 0
401 20 1
402 20 2
403 20 3
404 20 4
405 20 5
406 20 6
407 20 7
408 20 8
409 20 9
410 20 10
411 20 11
412 20 12
413 20 13
414 20 14
415 20 15
416 20 16
417 20 17
418 20 18
419 20 19
420 20 20
421 0 20
422 1 20
423 2 20
424 3 20
425 4 20
426 5 20
427 6 20
428 7 20
429 8 20
430 9 20
431 10 20
432 11 20
433 12 20
434 13 20
435 14 20
436 15 20
437 16 20
438 17 20
439 18 20
440 19 20
441 21 0
442 21 1
443 21 2
444 21 3
445 21 4
446 21 5
447 21 6
448 21 7
449 21 8
450 21 9
451 21 10
452 21 11
453 21 12
454 21 13
455 21 14
456 21 15
457 21 16
458 21 17
459 21 18
460 21 19
461 21 20
462 21 21
463 0 21
464 1 21
465 2 21
466 3 21
467 4 21
468 5 21
469 6 21
470 7 21
471 8 21
472 9 21
473 10 21
474 11 21
475 12 21
476 13 21
477 14 21
478 15 21
479 16 21
480 17 21
481 18 21
482 19 21
483 20 21
484 22 0
485 22 1
486 22 2
487 22 3
488 22 4
489 22 5
490 22 6
491 22 7
492 22 8
493 22 9
494 22 10
495 22 11
496 22 12
497 22 13
498 22 14
499 22 15
500 22 16
501 22 17
502 22 18
503 22 19
504 22 20
505 22 21
506 22 22
507 0 22
508 1 22
509 2 22
510 3 22
511 4 22
512 5 22
513 6 22
514 7 22
515 8 22
516 9 22
517 10 22
518 11 22
519 12 22
520 13 22
521 14 22
522 15 22
523 16 22
524 17 22
525 18 22
526 19 22
527 20 22
528 21 22
529 23 0
530 23 1
531 23 2
532 23 3
533 23 4
534 23 5
535 23 6
536 23 7
537 23 8
538 23 9
539 23 10
540 23 11
541 23 12
542 23 13
543 23 14
544 23 15
545 23 16
546 23 17
547 23 18
548 23 19
549 23 20
550 23 21
551 23 22
552 23 23
553 0 23
554 1 23
555 2 23
556 3 23
557 4 23
558 5 23
559 6 23
560 7 23
561 8 23
562 9 23
563 10 23
564 11 23
565 12 23
566 13 23
567 14 23
568 15 23
569 16 23
570 17 23
571 18 23
572 19 23
573 20 23
574 21 23
575 22 23
576 24 0
577 24 1
578 24 2
579 24 3
580 24 4
581 24 5
582 24 6
583 24 7
584 24 8
585 24 9
586 24 10
587 24 11
588 24 12
589 24 13
590 24 14
591 24 15
592 24 16
593 24 17
594 24 18
595 24 19
596 24 20
597 24 21
598 24 22
599 24 23
600 24 24
601 0 24
602 1 24
603 2 24
604 3 24
605 4 24
606 5 24
607 6 24
608 7 24
609 8 24
610 9 24
611 10 24
612 11 24
613 12 24
614 13 24
615 14 24
616 15 24
617 16 24
618 17 24
619 18 24
620 19 24
621 20 24
622 21 24
623 22 24
624 23 24
625 25 0
626 25 1
627 25 2
628 25 3
629 25 4
630 25 5
631 25 6
632 25 7
633 25 8
634 25 9
635 25 10
636 25 11
637 25 12
638 25 13
639 25 14
640 25 15
641 25 16
642 25 17
643 25 18
644 25 19
645 25 20
646 25 21
647 25 22
648 25 23
649 25 24
650 25 25
651 0 25
652 1 25
653 2 25
654 3 25
655 4 25
656 5 25
657 6 25
658 7 25
659 8 25
660 9 25
661 10 25
662 11 25
663 12 25
664 13 25
665 14 25
666 15 25
667 16 25
668 17 25
669 18 25
670 19 25
671 20 25
672 21 25
673 22 25
674 23 25
675 24 25
676 26 0
677 26 1
678 26 2
679 26 3
680 26 4
681 26 5
682 26 6
683 26 7
684 26 8
685 26 9
686 26 10
687 26 11
688 26 12
689 26 13
690 26 14
691 26 15
692 26 16
693 26 17
694 26 18
695 26 19
696 26 20
697 26 21
698 26 22
699 26 23
700 26 24
701 26 25
702 26 26
703 0 26
704 1 26
705 2 26
706 3 26
707 4 26
708 5 26
709 6 26
710 7 26
711 8 26
712 9 26
713 10 26
714 11 26
715 12 26
716 13 26
717 14 26
718 15 26
719 16 26
720 17 26
721 18 26
722 19 26
723 20 26
724 21 26
725 22 26
726 23 26
727 24 26
728 25 26
729 27 0
730 27 1
731 27 2
732 27 3
733 27 4
734 27 5
735 27 6
736 27 7
737 27 8
738 27 9
739 27 10
740 27 11
741 27 12
742 27 13
743 27 14
744 27 15
745 27 16
746 27 17
747 27 18
748 27 19
749 27 20
750 27 21
751 27 22
752 27 23
753 27 24
754 27 25
755 27 26
756 27 27
757 0 27
758 1 27
759 2 27
760 3 27
761 4 27
762 5 27
763 6 27
764 7 27
765 8 27
766 9 27
767 10 27
768 11 27
769 12 27
770 13 27
771 14 27
772 15 27
773 16 27
774 17 27
775 18 27
776 19 27
777 20 27
778 21 27
779 22 27
780 23 27
781 24 27
782 25 27
783 26 27
784 28 0
785 28 1
786 28 2
787 28 3
788 28 4
789 28 5
790 28 6
791 28 7
792 28 8
793 28 9
794 28 10
795 28 11
796 28 12
797 28 13
798 28 14
799 28 15
800 28 16
801 28 17
802 28 18
803 28 19
804 28 20
805 28 21
806 28 22
807 28 23
808 28 24
809 28 25
810 28 26
811 28 27
812 28 28
813 0 28
814 1 28
815 2 28
816 3 28
817 4 28
818 5 28
819 6 28
820 7 28
821 8 28
822 9 28
823 10 28
824 11 28
825 12 28
826 13 28
827 14 28
828 15 28
829 16 28
830 17 28
831 18 28
832 19 28
833 20 28
834 21 28
835 22 28
836 23 28
837 24 28
838 25 28
839 26 28
840 27 28
841 29 0
842 29 1
843 29 2
844 29 3
845 29 4
846 29 5
847 29 6
848 29 7
849 29 8
850 29 9
851 29 10
852 29 11
853 29 12
854 29 13
855 29 14
856 29 15
857 29 16
858 29 17
859 29 18
860 29 19
861 29 20
862 29 21
863 29 22
864 29 23
865 29 24
866 29 25
867 29 26
868 29 27
869 29 28
870 29 29
871 0 29
872 1 29
873 2 29
874 3 29
875 4 29
876 5 29
877 6 29
878 7 29
879 8 29
880 9 29
881 10 29
882 11 29
883 12 29
884 13 29
885 14 29
886 15 29
887 16 29
888 17 29
889 18 29
890 19 29
891 20 29
892 21 29
893 22 29
894 23 29
895 24 29
896 25 29
897 26 29
898 27 29
899 28 29
900 30 0
901 30 1
902 30 2
903 30 3
904 30 4
905 30 5
906 30 6
907 30 7
908 30 8
909 30 9
910 30 10
911 30 11
912 30 12
913 30 13
914 30 14
915 30 15
916 30 16
917 30 17
918 30 18
919 30 19
920 30 20
921 30 21
922 30 22
923 30 23
924 30 24
925 30 25
926 30 26
927 30 27
928 30 28
929 30 29
930 30 30
931 0 30
932 1 30
933 2 30
934 3 30
935 4 30
936 5 30
937 6 30
938 7 30
939 8 30
940 9 30
941 10 30
942 11 30
943 12 30
944 13 30
945 14 30
946 15 30
947 16 30
948 17 30
949 18 30
950 19 30
951 20 30
952 21 30
953 22 30
954 23 30
955 24 30
956 25 30
957 26 30
958 27 30
959 28 30
960 29 30
961 31 0
962 31 1
963 31 2
964 31 3
965 31 4
966 31 5
967 31 6
968 31 7
969 31 8
970 31 9
971 31 10
972 31 11
973 31 12
974 31 13
975 31 14
976 31 15
977 31 16
978 31 17
979 31 18
980 31 19
981 31 20
982 31 21
983 31 22
984 31 23
985 31 24
986 31 25
987 31 26
988 31 27
989 31 28
990 31 29
991 31 30
992 31 31
993 0 31
994 1 31
995 2 31
996 3 31
997 4 31
998 5 31
999 6 31
